
 Provide boundary condition at x=0

 Provide boundary condition at x=l

 Provide boundary condition at y=0

 Provide boundary condition at y=l

 Provide initialization condition 
Broadcasting BC to all mpi ranks...
done.
time step 0.000000
time step 0.000100
time step 0.000200
time step 0.000300
time step 0.000400
time step 0.000500
time step 0.000600
time step 0.000700
time step 0.000800
time step 0.000900
rank[0]
nx: 25 ny: 100
current time: 0.001000
solution u:
0.000000 0.000000 0.000000 0.000000 0.000000 0.000000 0.000000 0.000000 0.000000 0.000000 0.000000 0.000000 0.000000 0.000000 0.000000 0.000000 0.000000 0.000000 0.000000 0.000000 0.000000 0.000000 0.000000 0.000000 0.000000 0.000000 0.000000 0.000000 0.000000 0.000000 0.000000 0.000000 0.000000 0.000000 0.000000 0.000000 0.000000 0.000000 0.000000 0.000000 0.000000 0.000000 0.000000 0.000000 0.000000 0.000000 0.000000 0.000000 0.000000 0.000000 0.000000 0.000000 0.000000 0.000000 0.000000 0.000000 0.000000 0.000000 0.000000 0.000000 0.000000 0.000000 0.000000 0.000000 0.000000 0.000000 0.000000 0.000000 0.000000 0.000000 0.000000 0.000000 0.000000 0.000000 0.000000 0.000000 0.000000 0.000000 0.000000 0.000000 0.000000 0.000000 0.000000 0.000000 0.000000 0.000000 0.000000 0.000000 0.000000 0.000000 0.000000 0.000000 0.000000 0.000000 0.000000 0.000000 0.000000 0.000000 0.000000 0.000000 0.000000 0.000000 
0.000000 0.000098 0.000196 0.000294 0.000392 0.000490 0.000588 0.000686 0.000783 0.000881 0.000979 0.001076 0.001174 0.001271 0.001368 0.001465 0.001562 0.001659 0.001755 0.001852 0.001948 0.002044 0.002140 0.002235 0.002331 0.002426 0.002521 0.002615 0.002710 0.002804 0.002898 0.002991 0.003085 0.003178 0.003270 0.003363 0.003455 0.003546 0.003638 0.003729 0.003819 0.003910 0.004000 0.004089 0.004178 0.004267 0.004355 0.004443 0.004530 0.004617 0.004704 0.004790 0.004875 0.004960 0.005045 0.005129 0.005213 0.005296 0.005378 0.005460 0.005542 0.005623 0.005703 0.005783 0.005862 0.005941 0.006019 0.006097 0.006174 0.006250 0.006326 0.006401 0.006475 0.006549 0.006622 0.006695 0.006767 0.006838 0.006908 0.006978 0.007048 0.007116 0.007184 0.007251 0.007317 0.007383 0.007448 0.007512 0.007576 0.007638 0.007700 0.007762 0.007822 0.007882 0.007941 0.007999 0.008056 0.008113 0.008169 0.008224 0.008235 0.000000 
0.000000 0.000196 0.000392 0.000588 0.000784 0.000980 0.001176 0.001371 0.001567 0.001762 0.001957 0.002152 0.002347 0.002542 0.002736 0.002930 0.003124 0.003317 0.003510 0.003703 0.003895 0.004087 0.004279 0.004470 0.004661 0.004851 0.005041 0.005230 0.005419 0.005608 0.005795 0.005982 0.006169 0.006355 0.006540 0.006725 0.006909 0.007093 0.007275 0.007457 0.007638 0.007819 0.007999 0.008178 0.008356 0.008533 0.008710 0.008885 0.009060 0.009234 0.009407 0.009579 0.009750 0.009920 0.010089 0.010257 0.010425 0.010591 0.010756 0.010920 0.011083 0.011245 0.011406 0.011565 0.011724 0.011881 0.012038 0.012193 0.012347 0.012499 0.012651 0.012801 0.012950 0.013097 0.013244 0.013389 0.013533 0.013675 0.013816 0.013956 0.014094 0.014231 0.014367 0.014501 0.014634 0.014765 0.014895 0.015024 0.015151 0.015276 0.015400 0.015523 0.015644 0.015763 0.015881 0.015997 0.016112 0.016225 0.016337 0.016447 0.016470 0.000000 
0.000000 0.000294 0.000588 0.000882 0.001176 0.001470 0.001763 0.002057 0.002350 0.002643 0.002936 0.003228 0.003520 0.003812 0.004103 0.004394 0.004685 0.004975 0.005265 0.005554 0.005843 0.006131 0.006418 0.006705 0.006991 0.007276 0.007561 0.007845 0.008128 0.008411 0.008692 0.008973 0.009253 0.009532 0.009810 0.010087 0.010363 0.010638 0.010912 0.011185 0.011457 0.011727 0.011997 0.012265 0.012533 0.012799 0.013063 0.013327 0.013589 0.013850 0.014109 0.014367 0.014624 0.014879 0.015133 0.015385 0.015636 0.015885 0.016133 0.016379 0.016623 0.016866 0.017107 0.017347 0.017585 0.017821 0.018055 0.018288 0.018518 0.018747 0.018974 0.019200 0.019423 0.019645 0.019864 0.020082 0.020297 0.020511 0.020723 0.020932 0.021140 0.021345 0.021549 0.021750 0.021949 0.022146 0.022341 0.022534 0.022724 0.022912 0.023098 0.023282 0.023463 0.023642 0.023819 0.023994 0.024166 0.024336 0.024503 0.024668 0.024703 0.000000 
rank[1]
nx: 25 ny: 100
current time: 0.001000
solution u:
0.000000 0.000000 0.000000 0.000000 0.000000 0.000000 0.000000 0.000000 0.000000 0.000000 0.000000 0.000000 0.000000 0.000000 0.000000 0.000000 0.000000 0.000000 0.000000 0.000000 0.000000 0.000000 0.000000 0.000000 0.000000 0.000000 0.000000 0.000000 0.000000 0.000000 0.000000 0.000000 0.000000 0.000000 0.000000 0.000000 0.000000 0.000000 0.000000 0.000000 0.000000 0.000000 0.000000 0.000000 0.000000 0.000000 0.000000 0.000000 0.000000 0.000000 0.000000 0.000000 0.000000 0.000000 0.000000 0.000000 0.000000 0.000000 0.000000 0.000000 0.000000 0.000000 0.000000 0.000000 0.000000 0.000000 0.000000 0.000000 0.000000 0.000000 0.000000 0.000000 0.000000 0.000000 0.000000 0.000000 0.000000 0.000000 0.000000 0.000000 0.000000 0.000000 0.000000 0.000000 0.000000 0.000000 0.000000 0.000000 0.000000 0.000000 0.000000 0.000000 0.000000 0.000000 0.000000 0.000000 0.000000 0.000000 0.000000 0.000000 0.000000 0.000000 
0.000000 0.002521 0.005041 0.007561 0.010080 0.012598 0.015115 0.017631 0.020145 0.022656 0.025166 0.027673 0.030177 0.032679 0.035177 0.037672 0.040163 0.042650 0.045133 0.047611 0.050085 0.052554 0.055018 0.057477 0.059929 0.062376 0.064817 0.067251 0.069679 0.072100 0.074514 0.076921 0.079320 0.081711 0.084095 0.086470 0.088836 0.091194 0.093543 0.095883 0.098213 0.100534 0.102845 0.105146 0.107436 0.109716 0.111985 0.114244 0.116491 0.118726 0.120950 0.123162 0.125362 0.127550 0.129725 0.131888 0.134038 0.136174 0.138297 0.140407 0.142502 0.144584 0.146652 0.148705 0.150744 0.152768 0.154777 0.156771 0.158749 0.160712 0.162659 0.164590 0.166505 0.168404 0.170286 0.172152 0.174000 0.175832 0.177646 0.179443 0.181222 0.182984 0.184727 0.186453 0.188160 0.189849 0.191519 0.193170 0.194803 0.196416 0.198010 0.199585 0.201140 0.202676 0.204191 0.205687 0.207162 0.208617 0.210052 0.211465 0.211768 0.000000 
0.000000 0.002615 0.005230 0.007845 0.010459 0.013072 0.015683 0.018293 0.020901 0.023507 0.026111 0.028712 0.031311 0.033906 0.036498 0.039087 0.041671 0.044252 0.046828 0.049400 0.051967 0.054528 0.057085 0.059635 0.062180 0.064719 0.067251 0.069777 0.072296 0.074808 0.077313 0.079810 0.082299 0.084780 0.087253 0.089717 0.092173 0.094619 0.097056 0.099484 0.101902 0.104310 0.106708 0.109095 0.111471 0.113837 0.116191 0.118534 0.120866 0.123185 0.125493 0.127788 0.130071 0.132341 0.134598 0.136841 0.139072 0.141289 0.143491 0.145680 0.147855 0.150015 0.152160 0.154290 0.156406 0.158506 0.160590 0.162659 0.164711 0.166748 0.168768 0.170772 0.172759 0.174729 0.176682 0.178617 0.180535 0.182436 0.184318 0.186183 0.188029 0.189856 0.191666 0.193456 0.195227 0.196979 0.198712 0.200426 0.202119 0.203793 0.205447 0.207081 0.208695 0.210288 0.211860 0.213412 0.214943 0.216453 0.217941 0.219407 0.219722 0.000000 
0.000000 0.002710 0.005419 0.008128 0.010836 0.013543 0.016249 0.018953 0.021656 0.024356 0.027054 0.029749 0.032441 0.035130 0.037816 0.040498 0.043176 0.045849 0.048519 0.051183 0.053843 0.056497 0.059145 0.061788 0.064425 0.067055 0.069679 0.072296 0.074906 0.077509 0.080104 0.082691 0.085270 0.087841 0.090403 0.092956 0.095500 0.098035 0.100560 0.103076 0.105581 0.108076 0.110560 0.113033 0.115496 0.117947 0.120386 0.122814 0.125229 0.127633 0.130023 0.132401 0.134766 0.137118 0.139457 0.141782 0.144092 0.146389 0.148672 0.150939 0.153192 0.155430 0.157653 0.159860 0.162052 0.164228 0.166388 0.168531 0.170658 0.172768 0.174861 0.176937 0.178996 0.181037 0.183060 0.185066 0.187053 0.189022 0.190972 0.192904 0.194817 0.196710 0.198585 0.200440 0.202275 0.204091 0.205886 0.207661 0.209416 0.211151 0.212864 0.214557 0.216229 0.217879 0.219509 0.221116 0.222702 0.224267 0.225809 0.227328 0.227654 0.000000 
0.000000 0.000392 0.000784 0.001176 0.001568 0.001959 0.002351 0.002742 0.003133 0.003523 0.003914 0.004304 0.004693 0.005082 0.005471 0.005859 0.006246 0.006633 0.007019 0.007404 0.007789 0.008173 0.008556 0.008939 0.009320 0.009701 0.010080 0.010459 0.010836 0.011213 0.011588 0.011963 0.012336 0.012708 0.013078 0.013448 0.013816 0.014182 0.014548 0.014911 0.015274 0.015635 0.015994 0.016352 0.016708 0.017063 0.017416 0.017767 0.018116 0.018464 0.018810 0.019154 0.019496 0.019836 0.020175 0.020511 0.020845 0.021177 0.021508 0.021836 0.022162 0.022485 0.022807 0.023126 0.023443 0.023758 0.024071 0.024381 0.024688 0.024994 0.025296 0.025597 0.025895 0.026190 0.026483 0.026773 0.027060 0.027345 0.027627 0.027907 0.028183 0.028457 0.028728 0.028997 0.029262 0.029525 0.029785 0.030041 0.030295 0.030546 0.030794 0.031039 0.031281 0.031520 0.031755 0.031988 0.032217 0.032444 0.032667 0.032887 0.032934 0.000000 
0.000000 0.000490 0.000980 0.001470 0.001959 0.002449 0.002938 0.003427 0.003915 0.004404 0.004891 0.005379 0.005866 0.006352 0.006837 0.007322 0.007806 0.008290 0.008772 0.009254 0.009735 0.010215 0.010694 0.011172 0.011648 0.012124 0.012598 0.013072 0.013543 0.014014 0.014483 0.014951 0.015417 0.015882 0.016345 0.016807 0.017267 0.017725 0.018182 0.018637 0.019090 0.019541 0.019990 0.020437 0.020882 0.021325 0.021766 0.022205 0.022642 0.023077 0.023509 0.023939 0.024367 0.024792 0.025215 0.025635 0.026053 0.026468 0.026881 0.027291 0.027698 0.028103 0.028505 0.028904 0.029300 0.029693 0.030084 0.030471 0.030856 0.031237 0.031616 0.031991 0.032363 0.032732 0.033098 0.033461 0.033820 0.034176 0.034529 0.034878 0.035224 0.035566 0.035905 0.036241 0.036572 0.036901 0.037225 0.037546 0.037864 0.038177 0.038487 0.038793 0.039095 0.039394 0.039688 0.039979 0.040266 0.040549 0.040828 0.041102 0.041161 0.000000 
0.000000 0.000588 0.001176 0.001763 0.002351 0.002938 0.003525 0.004112 0.004698 0.005283 0.005869 0.006453 0.007037 0.007621 0.008203 0.008785 0.009366 0.009946 0.010525 0.011103 0.011680 0.012256 0.012830 0.013404 0.013976 0.014546 0.015115 0.015683 0.016249 0.016814 0.017377 0.017938 0.018497 0.019055 0.019611 0.020165 0.020717 0.021267 0.021814 0.022360 0.022903 0.023445 0.023983 0.024520 0.025054 0.025586 0.026115 0.026642 0.027166 0.027687 0.028206 0.028722 0.029235 0.029745 0.030252 0.030756 0.031258 0.031756 0.032251 0.032743 0.033232 0.033717 0.034199 0.034678 0.035154 0.035626 0.036094 0.036559 0.037020 0.037478 0.037932 0.038383 0.038829 0.039272 0.039711 0.040146 0.040577 0.041004 0.041427 0.041846 0.042261 0.042672 0.043079 0.043481 0.043879 0.044273 0.044662 0.045047 0.045428 0.045804 0.046176 0.046543 0.046906 0.047264 0.047618 0.047966 0.048310 0.048650 0.048984 0.049314 0.049384 0.000000 
0.000000 0.000686 0.001371 0.002057 0.002742 0.003427 0.004112 0.004796 0.005480 0.006163 0.006845 0.007527 0.008209 0.008889 0.009568 0.010247 0.010925 0.011601 0.012277 0.012951 0.013624 0.014295 0.014965 0.015634 0.016301 0.016967 0.017631 0.018293 0.018953 0.019612 0.020269 0.020923 0.021576 0.022226 0.022875 0.023521 0.024164 0.024806 0.025445 0.026081 0.026715 0.027346 0.027975 0.028601 0.029224 0.029844 0.030461 0.031075 0.031687 0.032295 0.032900 0.033501 0.034100 0.034695 0.035287 0.035875 0.036459 0.037041 0.037618 0.038192 0.038762 0.039328 0.039891 0.040449 0.041004 0.041554 0.042101 0.042643 0.043181 0.043715 0.044245 0.044770 0.045291 0.045807 0.046319 0.046827 0.047330 0.047828 0.048321 0.048810 0.049294 0.049773 0.050248 0.050717 0.051181 0.051641 0.052095 0.052544 0.052988 0.053427 0.053861 0.054289 0.054712 0.055130 0.055542 0.055949 0.056350 0.056746 0.057136 0.057520 0.057603 0.000000 
0.000000 0.002804 0.005608 0.008411 0.011213 0.014014 0.016814 0.019612 0.022408 0.025202 0.027994 0.030783 0.033568 0.036351 0.039130 0.041905 0.044676 0.047442 0.050204 0.052961 0.055713 0.058460 0.061200 0.063935 0.066663 0.069385 0.072100 0.074808 0.077509 0.080202 0.082887 0.085564 0.088233 0.090893 0.093544 0.096186 0.098818 0.101441 0.104054 0.106657 0.109249 0.111831 0.114401 0.116961 0.119508 0.122045 0.124569 0.127081 0.129580 0.132067 0.134541 0.137002 0.139449 0.141883 0.144302 0.146708 0.149099 0.151475 0.153837 0.156184 0.158515 0.160831 0.163131 0.165415 0.167683 0.169934 0.172169 0.174386 0.176587 0.178771 0.180936 0.183085 0.185215 0.187327 0.189421 0.191496 0.193552 0.195589 0.197608 0.199606 0.201586 0.203545 0.205485 0.207404 0.209303 0.211182 0.213039 0.214876 0.216692 0.218487 0.220260 0.222012 0.223742 0.225450 0.227136 0.228799 0.230440 0.232059 0.233655 0.235227 0.235564 0.000000 
0.000000 0.002898 0.005795 0.008692 0.011588 0.014483 0.017377 0.020269 0.023158 0.026046 0.028931 0.031813 0.034692 0.037568 0.040440 0.043308 0.046172 0.049031 0.051885 0.054735 0.057579 0.060417 0.063249 0.066076 0.068895 0.071708 0.074514 0.077313 0.080104 0.082887 0.085662 0.088429 0.091187 0.093936 0.096676 0.099406 0.102127 0.104838 0.107538 0.110228 0.112907 0.115575 0.118231 0.120876 0.123510 0.126131 0.128739 0.131335 0.133919 0.136489 0.139045 0.141589 0.144118 0.146633 0.149134 0.151620 0.154091 0.156547 0.158988 0.161413 0.163822 0.166215 0.168592 0.170953 0.173297 0.175623 0.177933 0.180225 0.182499 0.184756 0.186994 0.189214 0.191416 0.193599 0.195762 0.197907 0.200032 0.202138 0.204224 0.206289 0.208335 0.210360 0.212364 0.214348 0.216311 0.218252 0.220172 0.222071 0.223947 0.225802 0.227635 0.229445 0.231233 0.232998 0.234740 0.236459 0.238156 0.239828 0.241477 0.243102 0.243451 0.000000 
0.000000 0.002991 0.005982 0.008973 0.011963 0.014951 0.017938 0.020923 0.023906 0.026887 0.029865 0.032841 0.035813 0.038781 0.041746 0.044707 0.047663 0.050614 0.053561 0.056502 0.059438 0.062368 0.065292 0.068210 0.071120 0.074024 0.076921 0.079810 0.082691 0.085564 0.088429 0.091285 0.094132 0.096970 0.099798 0.102617 0.105425 0.108224 0.111011 0.113788 0.116553 0.119308 0.122050 0.124780 0.127499 0.130204 0.132897 0.135577 0.138244 0.140897 0.143536 0.146162 0.148772 0.151369 0.153950 0.156517 0.159068 0.161603 0.164123 0.166626 0.169113 0.171584 0.174038 0.176474 0.178894 0.181296 0.183680 0.186046 0.188394 0.190723 0.193034 0.195326 0.197598 0.199851 0.202085 0.204299 0.206493 0.208666 0.210819 0.212952 0.215063 0.217154 0.219223 0.221271 0.223297 0.225301 0.227283 0.229243 0.231180 0.233095 0.234987 0.236855 0.238701 0.240523 0.242322 0.244096 0.245847 0.247574 0.249277 0.250954 0.251314 0.000000 
0.000000 0.003085 0.006169 0.009253 0.012336 0.015417 0.018497 0.021576 0.024652 0.027726 0.030797 0.033865 0.036930 0.039991 0.043048 0.046101 0.049149 0.052193 0.055232 0.058265 0.061292 0.064313 0.067329 0.070337 0.073339 0.076333 0.079320 0.082299 0.085270 0.088233 0.091187 0.094132 0.097068 0.099994 0.102911 0.105817 0.108714 0.111599 0.114474 0.117337 0.120189 0.123029 0.125857 0.128672 0.131475 0.134265 0.137042 0.139806 0.142556 0.145292 0.148013 0.150720 0.153413 0.156090 0.158752 0.161398 0.164029 0.166643 0.169241 0.171823 0.174388 0.176935 0.179466 0.181978 0.184473 0.186950 0.189409 0.191848 0.194270 0.196672 0.199054 0.201418 0.203761 0.206085 0.208388 0.210671 0.212933 0.215174 0.217395 0.219594 0.221771 0.223927 0.226061 0.228172 0.230261 0.232328 0.234372 0.236393 0.238391 0.240365 0.242316 0.244243 0.246146 0.248025 0.249879 0.251710 0.253515 0.255296 0.257051 0.258781 0.259152 0.000000 
0.000000 0.000783 0.001567 0.002350 0.003133 0.003915 0.004698 0.005480 0.006261 0.007041 0.007821 0.008601 0.009379 0.010156 0.010933 0.011708 0.012482 0.013255 0.014027 0.014797 0.015566 0.016333 0.017099 0.017863 0.018626 0.019386 0.020145 0.020901 0.021656 0.022408 0.023158 0.023906 0.024652 0.025395 0.026136 0.026874 0.027610 0.028342 0.029072 0.029800 0.030524 0.031245 0.031963 0.032678 0.033390 0.034099 0.034804 0.035506 0.036204 0.036899 0.037590 0.038278 0.038962 0.039642 0.040318 0.040990 0.041658 0.042322 0.042982 0.043637 0.044289 0.044936 0.045578 0.046216 0.046850 0.047479 0.048103 0.048723 0.049338 0.049948 0.050553 0.051153 0.051748 0.052339 0.052924 0.053503 0.054078 0.054647 0.055211 0.055769 0.056322 0.056870 0.057412 0.057948 0.058479 0.059004 0.059523 0.060036 0.060543 0.061045 0.061540 0.062029 0.062513 0.062990 0.063461 0.063926 0.064384 0.064837 0.065282 0.065722 0.065816 0.000000 
0.000000 0.000881 0.001762 0.002643 0.003523 0.004404 0.005283 0.006163 0.007041 0.007919 0.008797 0.009673 0.010548 0.011423 0.012296 0.013168 0.014039 0.014908 0.015776 0.016642 0.017507 0.018370 0.019231 0.020091 0.020948 0.021803 0.022656 0.023507 0.024356 0.025202 0.026046 0.026887 0.027726 0.028562 0.029395 0.030225 0.031052 0.031876 0.032697 0.033515 0.034330 0.035141 0.035949 0.036753 0.037554 0.038351 0.039144 0.039933 0.040719 0.041500 0.042277 0.043051 0.043820 0.044584 0.045345 0.046101 0.046852 0.047599 0.048341 0.049078 0.049811 0.050539 0.051261 0.051979 0.052692 0.053399 0.054101 0.054798 0.055490 0.056176 0.056856 0.057531 0.058201 0.058865 0.059522 0.060174 0.060821 0.061461 0.062095 0.062723 0.063345 0.063961 0.064570 0.065173 0.065770 0.066361 0.066944 0.067522 0.068092 0.068656 0.069213 0.069764 0.070307 0.070844 0.071374 0.071897 0.072412 0.072921 0.073422 0.073916 0.074022 0.000000 
0.000000 0.000979 0.001957 0.002936 0.003914 0.004891 0.005869 0.006845 0.007821 0.008797 0.009771 0.010744 0.011717 0.012688 0.013658 0.014627 0.015594 0.016559 0.017523 0.018486 0.019446 0.020405 0.021361 0.022316 0.023268 0.024218 0.025166 0.026111 0.027054 0.027994 0.028931 0.029865 0.030797 0.031725 0.032651 0.033573 0.034492 0.035407 0.036319 0.037228 0.038132 0.039033 0.039931 0.040824 0.041713 0.042599 0.043480 0.044356 0.045229 0.046097 0.046960 0.047819 0.048673 0.049523 0.050367 0.051207 0.052042 0.052871 0.053695 0.054514 0.055328 0.056137 0.056939 0.057737 0.058528 0.059314 0.060094 0.060868 0.061636 0.062398 0.063154 0.063904 0.064648 0.065385 0.066115 0.066840 0.067558 0.068269 0.068973 0.069671 0.070362 0.071046 0.071723 0.072392 0.073055 0.073711 0.074359 0.075001 0.075634 0.076261 0.076880 0.077491 0.078095 0.078691 0.079280 0.079860 0.080433 0.080998 0.081555 0.082104 0.082221 0.000000 
0.000000 0.001076 0.002152 0.003228 0.004304 0.005379 0.006453 0.007527 0.008601 0.009673 0.010744 0.011815 0.012884 0.013952 0.015019 0.016084 0.017147 0.018209 0.019269 0.020327 0.021383 0.022438 0.023489 0.024539 0.025586 0.026631 0.027673 0.028712 0.029749 0.030783 0.031813 0.032841 0.033865 0.034886 0.035903 0.036917 0.037928 0.038934 0.039937 0.040936 0.041931 0.042922 0.043909 0.044891 0.045869 0.046842 0.047811 0.048775 0.049735 0.050689 0.051639 0.052583 0.053522 0.054456 0.055385 0.056308 0.057226 0.058138 0.059045 0.059945 0.060840 0.061729 0.062612 0.063488 0.064359 0.065223 0.066081 0.066932 0.067776 0.068614 0.069446 0.070270 0.071088 0.071898 0.072702 0.073499 0.074288 0.075070 0.075844 0.076612 0.077371 0.078123 0.078868 0.079604 0.080333 0.081054 0.081767 0.082472 0.083169 0.083858 0.084539 0.085211 0.085875 0.086531 0.087178 0.087816 0.088446 0.089067 0.089680 0.090283 0.090413 0.000000 
0.000000 0.001174 0.002347 0.003520 0.004693 0.005866 0.007037 0.008209 0.009379 0.010548 0.011717 0.012884 0.014050 0.015215 0.016378 0.017539 0.018699 0.019857 0.021013 0.022167 0.023319 0.024468 0.025615 0.026760 0.027902 0.029041 0.030177 0.031311 0.032441 0.033568 0.034692 0.035813 0.036930 0.038043 0.039153 0.040258 0.041360 0.042458 0.043552 0.044641 0.045726 0.046806 0.047882 0.048954 0.050020 0.051081 0.052138 0.053189 0.054236 0.055276 0.056312 0.057342 0.058366 0.059385 0.060397 0.061404 0.062405 0.063400 0.064388 0.065370 0.066346 0.067315 0.068278 0.069234 0.070183 0.071125 0.072061 0.072989 0.073910 0.074824 0.075731 0.076630 0.077521 0.078405 0.079282 0.080150 0.081011 0.081863 0.082708 0.083545 0.084373 0.085193 0.086005 0.086808 0.087603 0.088390 0.089167 0.089936 0.090696 0.091447 0.092189 0.092923 0.093647 0.094361 0.095067 0.095763 0.096450 0.097128 0.097796 0.098454 0.098595 0.000000 
0.000000 0.001271 0.002542 0.003812 0.005082 0.006352 0.007621 0.008889 0.010156 0.011423 0.012688 0.013952 0.015215 0.016476 0.017735 0.018993 0.020249 0.021503 0.022755 0.024004 0.025252 0.026496 0.027739 0.028978 0.030215 0.031448 0.032679 0.033906 0.035130 0.036351 0.037568 0.038781 0.039991 0.041196 0.042398 0.043595 0.044789 0.045977 0.047162 0.048341 0.049516 0.050686 0.051851 0.053011 0.054166 0.055316 0.056460 0.057598 0.058731 0.059858 0.060980 0.062095 0.063204 0.064307 0.065404 0.066494 0.067578 0.068655 0.069725 0.070789 0.071846 0.072895 0.073938 0.074973 0.076001 0.077021 0.078034 0.079039 0.080037 0.081026 0.082008 0.082982 0.083947 0.084904 0.085853 0.086794 0.087726 0.088649 0.089564 0.090470 0.091367 0.092255 0.093134 0.094004 0.094865 0.095716 0.096558 0.097391 0.098214 0.099027 0.099831 0.100625 0.101409 0.102183 0.102947 0.103701 0.104445 0.105179 0.105902 0.106614 0.106767 0.000000 
0.000000 0.001368 0.002736 0.004103 0.005471 0.006837 0.008203 0.009568 0.010933 0.012296 0.013658 0.015019 0.016378 0.017735 0.019091 0.020445 0.021797 0.023147 0.024494 0.025839 0.027182 0.028522 0.029859 0.031193 0.032524 0.033852 0.035177 0.036498 0.037816 0.039130 0.040440 0.041746 0.043048 0.044346 0.045639 0.046928 0.048213 0.049492 0.050767 0.052037 0.053302 0.054561 0.055815 0.057064 0.058307 0.059544 0.060776 0.062001 0.063221 0.064434 0.065641 0.066842 0.068036 0.069223 0.070404 0.071577 0.072744 0.073903 0.075056 0.076201 0.077338 0.078468 0.079590 0.080704 0.081811 0.082909 0.083999 0.085081 0.086155 0.087220 0.088277 0.089325 0.090365 0.091395 0.092416 0.093429 0.094432 0.095426 0.096411 0.097386 0.098352 0.099308 0.100254 0.101190 0.102117 0.103034 0.103940 0.104836 0.105722 0.106598 0.107463 0.108317 0.109161 0.109995 0.110817 0.111629 0.112430 0.113219 0.113998 0.114765 0.114929 0.000000 
0.000000 0.001465 0.002930 0.004394 0.005859 0.007322 0.008785 0.010247 0.011708 0.013168 0.014627 0.016084 0.017539 0.018993 0.020445 0.021895 0.023343 0.024788 0.026231 0.027672 0.029110 0.030545 0.031977 0.033406 0.034831 0.036253 0.037672 0.039087 0.040498 0.041905 0.043308 0.044707 0.046101 0.047491 0.048876 0.050256 0.051632 0.053002 0.054367 0.055727 0.057082 0.058431 0.059774 0.061111 0.062442 0.063767 0.065086 0.066399 0.067705 0.069004 0.070297 0.071582 0.072861 0.074132 0.075397 0.076654 0.077903 0.079145 0.080379 0.081605 0.082823 0.084033 0.085235 0.086428 0.087613 0.088789 0.089957 0.091115 0.092265 0.093406 0.094538 0.095660 0.096773 0.097877 0.098971 0.100055 0.101129 0.102194 0.103248 0.104293 0.105327 0.106351 0.107364 0.108367 0.109359 0.110341 0.111311 0.112271 0.113220 0.114158 0.115084 0.115999 0.116903 0.117796 0.118676 0.119546 0.120403 0.121249 0.122083 0.122904 0.123080 0.000000 
0.000000 0.001562 0.003124 0.004685 0.006246 0.007806 0.009366 0.010925 0.012482 0.014039 0.015594 0.017147 0.018699 0.020249 0.021797 0.023343 0.024886 0.026427 0.027966 0.029502 0.031035 0.032564 0.034091 0.035614 0.037134 0.038650 0.040163 0.041671 0.043176 0.044676 0.046172 0.047663 0.049149 0.050631 0.052108 0.053580 0.055046 0.056507 0.057963 0.059412 0.060856 0.062294 0.063726 0.065152 0.066571 0.067984 0.069390 0.070789 0.072182 0.073567 0.074945 0.076316 0.077679 0.079035 0.080382 0.081722 0.083054 0.084378 0.085694 0.087001 0.088300 0.089590 0.090871 0.092143 0.093406 0.094660 0.095905 0.097141 0.098366 0.099583 0.100789 0.101986 0.103172 0.104349 0.105515 0.106671 0.107817 0.108951 0.110076 0.111189 0.112292 0.113383 0.114464 0.115533 0.116591 0.117637 0.118672 0.119695 0.120707 0.121706 0.122694 0.123670 0.124634 0.125585 0.126524 0.127451 0.128365 0.129267 0.130155 0.131031 0.131219 0.000000 
0.000000 0.001659 0.003317 0.004975 0.006633 0.008290 0.009946 0.011601 0.013255 0.014908 0.016559 0.018209 0.019857 0.021503 0.023147 0.024788 0.026427 0.028064 0.029698 0.031329 0.032957 0.034581 0.036202 0.037820 0.039434 0.041044 0.042650 0.044252 0.045849 0.047442 0.049031 0.050614 0.052193 0.053767 0.055335 0.056898 0.058455 0.060006 0.061552 0.063092 0.064625 0.066152 0.067673 0.069187 0.070694 0.072194 0.073687 0.075173 0.076652 0.078123 0.079586 0.081042 0.082489 0.083929 0.085360 0.086783 0.088198 0.089603 0.091000 0.092389 0.093768 0.095137 0.096498 0.097849 0.099191 0.100522 0.101844 0.103156 0.104458 0.105749 0.107031 0.108301 0.109561 0.110811 0.112049 0.113277 0.114493 0.115698 0.116892 0.118075 0.119245 0.120405 0.121552 0.122687 0.123811 0.124922 0.126021 0.127107 0.128182 0.129243 0.130292 0.131328 0.132352 0.133362 0.134359 0.135343 0.136314 0.137271 0.138215 0.139145 0.139345 0.000000 
0.000000 0.001755 0.003510 0.005265 0.007019 0.008772 0.010525 0.012277 0.014027 0.015776 0.017523 0.019269 0.021013 0.022755 0.024494 0.026231 0.027966 0.029698 0.031427 0.033153 0.034875 0.036594 0.038310 0.040022 0.041730 0.043433 0.045133 0.046828 0.048519 0.050204 0.051885 0.053561 0.055232 0.056897 0.058556 0.060210 0.061858 0.063500 0.065135 0.066765 0.068387 0.070003 0.071612 0.073214 0.074809 0.076397 0.077977 0.079549 0.081114 0.082671 0.084219 0.085760 0.087292 0.088815 0.090330 0.091835 0.093332 0.094820 0.096298 0.097767 0.099226 0.100676 0.102116 0.103546 0.104965 0.106374 0.107773 0.109162 0.110539 0.111906 0.113262 0.114606 0.115940 0.117262 0.118573 0.119871 0.121159 0.122434 0.123697 0.124949 0.126188 0.127414 0.128628 0.129830 0.131019 0.132194 0.133357 0.134507 0.135644 0.136767 0.137877 0.138974 0.140057 0.141126 0.142181 0.143223 0.144250 0.145263 0.146262 0.147246 0.147457 0.000000 
0.000000 0.001852 0.003703 0.005554 0.007404 0.009254 0.011103 0.012951 0.014797 0.016642 0.018486 0.020327 0.022167 0.024004 0.025839 0.027672 0.029502 0.031329 0.033153 0.034973 0.036790 0.038604 0.040414 0.042220 0.044021 0.045819 0.047612 0.049400 0.051183 0.052961 0.054735 0.056502 0.058265 0.060021 0.061772 0.063517 0.065255 0.066987 0.068712 0.070431 0.072143 0.073847 0.075545 0.077235 0.078918 0.080592 0.082259 0.083918 0.085569 0.087211 0.088844 0.090469 0.092085 0.093692 0.095290 0.096879 0.098458 0.100027 0.101587 0.103136 0.104676 0.106205 0.107724 0.109232 0.110729 0.112216 0.113692 0.115156 0.116610 0.118051 0.119482 0.120900 0.122307 0.123702 0.125084 0.126454 0.127812 0.129158 0.130490 0.131810 0.133117 0.134411 0.135692 0.136960 0.138214 0.139454 0.140681 0.141894 0.143093 0.144278 0.145449 0.146606 0.147748 0.148876 0.149989 0.151088 0.152172 0.153240 0.154294 0.155332 0.155555 0.000000 
0.000000 0.001948 0.003895 0.005843 0.007789 0.009735 0.011680 0.013624 0.015566 0.017507 0.019446 0.021383 0.023319 0.025252 0.027182 0.029110 0.031035 0.032957 0.034875 0.036790 0.038702 0.040610 0.042514 0.044413 0.046309 0.048199 0.050085 0.051967 0.053843 0.055713 0.057579 0.059438 0.061292 0.063140 0.064982 0.066817 0.068646 0.070467 0.072283 0.074091 0.075891 0.077685 0.079470 0.081248 0.083018 0.084780 0.086533 0.088278 0.090015 0.091742 0.093461 0.095170 0.096870 0.098561 0.100241 0.101912 0.103573 0.105224 0.106865 0.108495 0.110114 0.111723 0.113321 0.114907 0.116483 0.118047 0.119599 0.121140 0.122669 0.124185 0.125690 0.127182 0.128662 0.130129 0.131583 0.133025 0.134453 0.135869 0.137271 0.138659 0.140034 0.141395 0.142743 0.144076 0.145395 0.146700 0.147991 0.149267 0.150528 0.151775 0.153007 0.154223 0.155425 0.156611 0.157783 0.158938 0.160078 0.161203 0.162311 0.163403 0.163637 0.000000 
0.000000 0.002044 0.004087 0.006131 0.008173 0.010215 0.012256 0.014295 0.016333 0.018370 0.020405 0.022438 0.024468 0.026496 0.028522 0.030545 0.032564 0.034581 0.036594 0.038604 0.040610 0.042612 0.044609 0.046603 0.048591 0.050575 0.052554 0.054528 0.056497 0.058460 0.060417 0.062368 0.064313 0.066252 0.068185 0.070111 0.072029 0.073941 0.075846 0.077743 0.079632 0.081514 0.083388 0.085253 0.087110 0.088959 0.090799 0.092630 0.094452 0.096265 0.098068 0.099861 0.101645 0.103419 0.105183 0.106936 0.108679 0.110411 0.112133 0.113843 0.115543 0.117231 0.118907 0.120572 0.122225 0.123866 0.125495 0.127111 0.128715 0.130307 0.131886 0.133451 0.135004 0.136544 0.138070 0.139582 0.141081 0.142566 0.144037 0.145494 0.146937 0.148365 0.149779 0.151178 0.152562 0.153932 0.155286 0.156625 0.157948 0.159256 0.160549 0.161826 0.163087 0.164332 0.165560 0.166773 0.167969 0.169149 0.170312 0.171458 0.171704 0.000000 
0.000000 0.002140 0.004279 0.006418 0.008556 0.010694 0.012830 0.014965 0.017099 0.019231 0.021361 0.023489 0.025615 0.027739 0.029859 0.031977 0.034091 0.036202 0.038310 0.040414 0.042514 0.044609 0.046701 0.048787 0.050869 0.052946 0.055018 0.057085 0.059145 0.061200 0.063249 0.065292 0.067329 0.069358 0.071381 0.073397 0.075406 0.077408 0.079401 0.081388 0.083366 0.085335 0.087297 0.089250 0.091194 0.093130 0.095056 0.096973 0.098880 0.100777 0.102665 0.104543 0.106410 0.108267 0.110114 0.111949 0.113774 0.115588 0.117390 0.119180 0.120959 0.122726 0.124482 0.126224 0.127955 0.129673 0.131378 0.133070 0.134750 0.136416 0.138069 0.139708 0.141333 0.142945 0.144543 0.146126 0.147695 0.149250 0.150790 0.152315 0.153826 0.155321 0.156801 0.158265 0.159715 0.161148 0.162566 0.163967 0.165353 0.166723 0.168076 0.169412 0.170732 0.172036 0.173322 0.174592 0.175844 0.177079 0.178297 0.179496 0.179754 0.000000 
0.000000 0.002235 0.004470 0.006705 0.008939 0.011172 0.013404 0.015634 0.017863 0.020091 0.022316 0.024539 0.026760 0.028978 0.031193 0.033406 0.035614 0.037820 0.040022 0.042220 0.044413 0.046603 0.048787 0.050967 0.053142 0.055312 0.057477 0.059635 0.061788 0.063935 0.066076 0.068210 0.070337 0.072458 0.074571 0.076677 0.078776 0.080866 0.082949 0.085024 0.087091 0.089149 0.091198 0.093238 0.095269 0.097291 0.099303 0.101306 0.103298 0.105281 0.107253 0.109214 0.111165 0.113105 0.115034 0.116952 0.118858 0.120752 0.122635 0.124506 0.126364 0.128210 0.130044 0.131865 0.133672 0.135467 0.137249 0.139017 0.140771 0.142511 0.144238 0.145950 0.147649 0.149332 0.151001 0.152656 0.154295 0.155919 0.157528 0.159121 0.160699 0.162261 0.163807 0.165337 0.166851 0.168349 0.169830 0.171294 0.172742 0.174172 0.175586 0.176982 0.178361 0.179723 0.181067 0.182393 0.183701 0.184992 0.186264 0.187517 0.187786 0.000000 
0.000000 0.002331 0.004661 0.006991 0.009320 0.011648 0.013976 0.016301 0.018626 0.020948 0.023268 0.025586 0.027902 0.030215 0.032524 0.034831 0.037134 0.039434 0.041730 0.044021 0.046309 0.048591 0.050869 0.053142 0.055410 0.057673 0.059929 0.062180 0.064425 0.066663 0.068895 0.071120 0.073339 0.075550 0.077753 0.079949 0.082137 0.084317 0.086489 0.088653 0.090807 0.092953 0.095090 0.097217 0.099335 0.101443 0.103541 0.105629 0.107706 0.109773 0.111830 0.113875 0.115909 0.117932 0.119943 0.121943 0.123930 0.125905 0.127868 0.129819 0.131757 0.133682 0.135593 0.137492 0.139377 0.141248 0.143106 0.144949 0.146778 0.148593 0.150393 0.152179 0.153949 0.155705 0.157445 0.159170 0.160879 0.162573 0.164250 0.165912 0.167557 0.169185 0.170798 0.172393 0.173971 0.175533 0.177077 0.178604 0.180113 0.181605 0.183079 0.184535 0.185973 0.187392 0.188794 0.190176 0.191541 0.192886 0.194212 0.195519 0.195799 0.000000 
0.000000 0.002413 0.004838 0.007263 0.009688 0.012111 0.014533 0.016954 0.019373 0.021790 0.024205 0.026618 0.029028 0.031436 0.033840 0.036241 0.038638 0.041031 0.043421 0.045806 0.048187 0.050563 0.052934 0.055300 0.057660 0.060015 0.062364 0.064707 0.067043 0.069373 0.071696 0.074012 0.076321 0.078622 0.080916 0.083201 0.085479 0.087748 0.090009 0.092260 0.094503 0.096736 0.098960 0.101175 0.103379 0.105573 0.107757 0.109930 0.112093 0.114244 0.116384 0.118513 0.120630 0.122736 0.124829 0.126910 0.128979 0.131035 0.133079 0.135109 0.137126 0.139129 0.141119 0.143095 0.145057 0.147005 0.148938 0.150857 0.152761 0.154650 0.156524 0.158382 0.160225 0.162053 0.163864 0.165659 0.167438 0.169201 0.170947 0.172677 0.174389 0.176084 0.177762 0.179423 0.181066 0.182691 0.184299 0.185888 0.187459 0.189012 0.190546 0.192061 0.193558 0.195036 0.196494 0.197934 0.199354 0.200754 0.202135 0.203495 0.203788 0.000000 
0.000000 0.003178 0.006355 0.009532 0.012708 0.015882 0.019055 0.022226 0.025395 0.028562 0.031725 0.034886 0.038043 0.041196 0.044346 0.047491 0.050631 0.053767 0.056897 0.060021 0.063140 0.066252 0.069358 0.072458 0.075550 0.078634 0.081711 0.084780 0.087841 0.090893 0.093936 0.096970 0.099994 0.103009 0.106013 0.109008 0.111991 0.114963 0.117925 0.120874 0.123812 0.126738 0.129651 0.132551 0.135439 0.138313 0.141174 0.144021 0.146853 0.149672 0.152475 0.155264 0.158038 0.160796 0.163538 0.166264 0.168974 0.171667 0.174344 0.177003 0.179645 0.182270 0.184876 0.187465 0.190035 0.192586 0.195119 0.197632 0.200126 0.202601 0.205055 0.207490 0.209904 0.212298 0.214670 0.217022 0.219353 0.221661 0.223949 0.226214 0.228457 0.230678 0.232876 0.235051 0.237203 0.239332 0.241438 0.243520 0.245578 0.247611 0.249621 0.251606 0.253567 0.255502 0.257413 0.259298 0.261158 0.262992 0.264801 0.266582 0.266965 0.000000 
0.000000 0.003270 0.006540 0.009810 0.013078 0.016345 0.019611 0.022875 0.026136 0.029395 0.032651 0.035903 0.039153 0.042398 0.045639 0.048876 0.052108 0.055335 0.058556 0.061772 0.064982 0.068185 0.071381 0.074571 0.077753 0.080928 0.084095 0.087253 0.090403 0.093544 0.096676 0.099798 0.102911 0.106013 0.109106 0.112187 0.115258 0.118317 0.121364 0.124400 0.127423 0.130434 0.133433 0.136418 0.139389 0.142347 0.145292 0.148221 0.151137 0.154037 0.156923 0.159793 0.162647 0.165486 0.168308 0.171113 0.173902 0.176674 0.179429 0.182166 0.184885 0.187586 0.190269 0.192933 0.195578 0.198203 0.200810 0.203397 0.205963 0.208510 0.211036 0.213542 0.216026 0.218490 0.220932 0.223352 0.225750 0.228127 0.230481 0.232812 0.235121 0.237406 0.239668 0.241907 0.244122 0.246313 0.248480 0.250622 0.252740 0.254834 0.256902 0.258945 0.260963 0.262955 0.264921 0.266861 0.268775 0.270663 0.272524 0.274358 0.274751 0.000000 
0.000000 0.003363 0.006725 0.010087 0.013448 0.016807 0.020165 0.023521 0.026874 0.030225 0.033573 0.036917 0.040258 0.043595 0.046928 0.050256 0.053580 0.056898 0.060210 0.063517 0.066817 0.070111 0.073397 0.076677 0.079949 0.083214 0.086470 0.089717 0.092956 0.096186 0.099406 0.102617 0.105817 0.109008 0.112187 0.115356 0.118513 0.121658 0.124792 0.127913 0.131022 0.134118 0.137201 0.140270 0.143326 0.146368 0.149395 0.152408 0.155405 0.158388 0.161355 0.164306 0.167241 0.170159 0.173061 0.175946 0.178814 0.181664 0.184496 0.187311 0.190107 0.192884 0.195642 0.198381 0.201101 0.203801 0.206481 0.209141 0.211780 0.214399 0.216997 0.219573 0.222128 0.224661 0.227171 0.229660 0.232126 0.234570 0.236990 0.239387 0.241761 0.244111 0.246437 0.248739 0.251017 0.253270 0.255498 0.257701 0.259878 0.262031 0.264157 0.266258 0.268333 0.270381 0.272403 0.274398 0.276366 0.278307 0.280221 0.282106 0.282511 0.000000 
0.000000 0.003455 0.006909 0.010363 0.013816 0.017267 0.020717 0.024164 0.027610 0.031052 0.034492 0.037928 0.041360 0.044789 0.048213 0.051632 0.055046 0.058455 0.061858 0.065255 0.068646 0.072029 0.075406 0.078776 0.082137 0.085491 0.088836 0.092173 0.095500 0.098818 0.102127 0.105425 0.108714 0.111991 0.115258 0.118513 0.121756 0.124988 0.128207 0.131414 0.134608 0.137789 0.140956 0.144109 0.147249 0.150374 0.153484 0.156579 0.159659 0.162723 0.165771 0.168803 0.171818 0.174816 0.177798 0.180762 0.183708 0.186636 0.189546 0.192437 0.195310 0.198163 0.200997 0.203811 0.206605 0.209379 0.212133 0.214865 0.217577 0.220267 0.222936 0.225582 0.228207 0.230809 0.233389 0.235946 0.238479 0.240990 0.243476 0.245939 0.248378 0.250792 0.253182 0.255547 0.257887 0.260201 0.262490 0.264754 0.266991 0.269202 0.271387 0.273545 0.275677 0.277781 0.279858 0.281908 0.283930 0.285924 0.287891 0.289827 0.290243 0.000000 
rank[2]
nx: 25 ny: 100
current time: 0.001000
solution u:
0.000000 0.000000 0.000000 0.000000 0.000000 0.000000 0.000000 0.000000 0.000000 0.000000 0.000000 0.000000 0.000000 0.000000 0.000000 0.000000 0.000000 0.000000 0.000000 0.000000 0.000000 0.000000 0.000000 0.000000 0.000000 0.000000 0.000000 0.000000 0.000000 0.000000 0.000000 0.000000 0.000000 0.000000 0.000000 0.000000 0.000000 0.000000 0.000000 0.000000 0.000000 0.000000 0.000000 0.000000 0.000000 0.000000 0.000000 0.000000 0.000000 0.000000 0.000000 0.000000 0.000000 0.000000 0.000000 0.000000 0.000000 0.000000 0.000000 0.000000 0.000000 0.000000 0.000000 0.000000 0.000000 0.000000 0.000000 0.000000 0.000000 0.000000 0.000000 0.000000 0.000000 0.000000 0.000000 0.000000 0.000000 0.000000 0.000000 0.000000 0.000000 0.000000 0.000000 0.000000 0.000000 0.000000 0.000000 0.000000 0.000000 0.000000 0.000000 0.000000 0.000000 0.000000 0.000000 0.000000 0.000000 0.000000 0.000000 0.000000 0.000000 0.000000 
0.000000 0.004790 0.009579 0.014367 0.019154 0.023939 0.028722 0.033501 0.038278 0.043051 0.047819 0.052583 0.057342 0.062095 0.066842 0.071582 0.076316 0.081042 0.085760 0.090469 0.095170 0.099861 0.104543 0.109214 0.113875 0.118524 0.123162 0.127788 0.132401 0.137002 0.141589 0.146162 0.150720 0.155264 0.159793 0.164306 0.168803 0.173283 0.177746 0.182192 0.186620 0.191030 0.195421 0.199793 0.204145 0.208478 0.212789 0.217080 0.221350 0.225598 0.229824 0.234027 0.238208 0.242365 0.246498 0.250607 0.254692 0.258752 0.262786 0.266794 0.270777 0.274733 0.278661 0.282563 0.286437 0.290283 0.294100 0.297888 0.301648 0.305377 0.309077 0.312747 0.316386 0.319993 0.323570 0.327115 0.330627 0.334107 0.337555 0.340969 0.344350 0.347698 0.351011 0.354289 0.357533 0.360742 0.363916 0.367054 0.370156 0.373221 0.376250 0.379243 0.382198 0.385115 0.387995 0.390837 0.393640 0.396405 0.399131 0.401816 0.402392 0.000000 
0.000000 0.004875 0.009750 0.014624 0.019496 0.024367 0.029235 0.034100 0.038962 0.043820 0.048673 0.053522 0.058366 0.063204 0.068036 0.072861 0.077679 0.082489 0.087292 0.092085 0.096870 0.101645 0.106410 0.111165 0.115909 0.120642 0.125362 0.130071 0.134766 0.139449 0.144118 0.148772 0.153413 0.158038 0.162647 0.167241 0.171818 0.176378 0.180921 0.185447 0.189954 0.194442 0.198912 0.203362 0.207792 0.212202 0.216591 0.220958 0.225304 0.229628 0.233929 0.238208 0.242463 0.246694 0.250902 0.255084 0.259242 0.263374 0.267480 0.271560 0.275614 0.279640 0.283639 0.287610 0.291554 0.295468 0.299353 0.303210 0.307036 0.310832 0.314598 0.318333 0.322037 0.325709 0.329350 0.332958 0.336533 0.340076 0.343585 0.347060 0.350501 0.353908 0.357281 0.360618 0.363920 0.367186 0.370417 0.373610 0.376768 0.379888 0.382971 0.386017 0.389025 0.391994 0.394926 0.397818 0.400672 0.403486 0.406261 0.408994 0.409580 0.000000 
0.000000 0.004960 0.009920 0.014879 0.019836 0.024792 0.029745 0.034695 0.039642 0.044584 0.049523 0.054456 0.059385 0.064307 0.069223 0.074132 0.079035 0.083929 0.088815 0.093692 0.098561 0.103419 0.108267 0.113105 0.117932 0.122747 0.127550 0.132341 0.137118 0.141883 0.146633 0.151369 0.156090 0.160796 0.165486 0.170159 0.174816 0.179456 0.184079 0.188683 0.193269 0.197836 0.202383 0.206911 0.211418 0.215905 0.220370 0.224814 0.229236 0.233635 0.238012 0.242365 0.246694 0.251000 0.255280 0.259536 0.263766 0.267970 0.272148 0.276299 0.280424 0.284520 0.288589 0.292630 0.296642 0.300624 0.304578 0.308501 0.312394 0.316257 0.320089 0.323889 0.327657 0.331394 0.335097 0.338768 0.342406 0.346010 0.349581 0.353117 0.356618 0.360085 0.363516 0.366911 0.370271 0.373594 0.376881 0.380131 0.383343 0.386518 0.389655 0.392754 0.395814 0.398835 0.401818 0.404761 0.407664 0.410527 0.413350 0.416131 0.416728 0.000000 
rank[3]
nx: 25 ny: 100
current time: 0.001000
solution u:
